"ID"	"A"	"B"	"C"	"Y"
1	1	0.54	1.56	2.1
2	2	-0.42	-2.19	-2.6
3	3	-0.99	-0.14	-1.13
4	4	-0.65	1.16	0.5
5	5	0.28	-3.38	-3.1
6	6	0.96	-0.29	0.67
7	7	0.75	0.87	1.63
8	8	-0.15	-6.8	-6.95
9	9	-0.91	-0.45	-1.36
10	10	-0.84	0.65	-0.19
11	11	0	-225.95	-225.95
12	12	0.84	-0.64	0.21
13	13	0.91	0.46	1.37
14	14	0.14	7.24	7.38
15	15	-0.76	-0.86	-1.62
16	16	-0.96	0.3	-0.66
17	17	-0.28	3.49	3.22
18	18	0.66	-1.14	-0.48
19	19	0.99	0.15	1.14
20	20	0.41	2.24	2.65
21	21	-0.55	-1.53	-2.08
22	22	-1	0.01	-0.99
23	23	-0.53	1.59	1.06
24	24	0.42	-2.13	-1.71
25	25	0.99	-0.13	0.86
26	26	0.65	1.18	1.83
27	27	-0.29	-3.27	-3.57
28	28	-0.96	-0.28	-1.24
29	29	-0.75	0.89	0.14
30	30	0.15	-6.41	-6.25
31	31	0.91	-0.44	0.47
32	32	0.83	0.66	1.5
33	33	-0.01	-75.31	-75.33
34	34	-0.85	-0.62	-1.47
35	35	-0.9	0.47	-0.43
36	36	-0.13	7.75	7.62
37	37	0.77	-0.84	-0.08
38	38	0.96	0.31	1.27
39	39	0.27	3.61	3.88
40	40	-0.67	-1.12	-1.78
41	41	-0.99	0.16	-0.83
42	42	-0.4	2.29	1.89
43	43	0.56	-1.5	-0.94
44	44	1	0.02	1.02
45	45	0.53	1.62	2.15
46	46	-0.43	-2.09	-2.52
47	47	-0.99	-0.12	-1.12
48	48	-0.64	1.2	0.56
49	49	0.3	-3.17	-2.87
50	50	0.96	-0.27	0.69
51	51	0.74	0.9	1.65
52	52	-0.16	-6.05	-6.22
53	53	-0.92	-0.43	-1.35
54	54	-0.83	0.67	-0.16
55	55	0.02	-45.18	-45.16
56	56	0.85	-0.61	0.24
57	57	0.9	0.48	1.38
58	58	0.12	8.33	8.45
59	59	-0.77	-0.83	-1.6
60	60	-0.95	0.32	-0.63
61	61	-0.26	3.74	3.49
62	62	0.67	-1.1	-0.42
63	63	0.99	0.17	1.16
64	64	0.39	2.35	2.74
65	65	-0.56	-1.47	-2.03
66	66	-1	0.03	-0.97
67	67	-0.52	1.65	1.13
68	68	0.44	-2.04	-1.6
69	69	0.99	-0.12	0.88
70	70	0.63	1.22	1.86
71	71	-0.31	-3.08	-3.39
72	72	-0.97	-0.26	-1.23
73	73	-0.74	0.92	0.18
74	74	0.17	-5.74	-5.57
75	75	0.92	-0.42	0.5
76	76	0.82	0.69	1.51
77	77	-0.03	-32.27	-32.3
78	78	-0.86	-0.6	-1.46
79	79	-0.9	0.5	-0.4
80	80	-0.11	9	8.89
81	81	0.78	-0.81	-0.03
82	82	0.95	0.33	1.28
83	83	0.25	3.88	4.13
84	84	-0.68	-1.08	-1.76
85	85	-0.98	0.18	-0.81
86	86	-0.38	2.41	2.02
87	87	0.57	-1.44	-0.87
88	88	1	0.04	1.03
89	89	0.51	1.69	2.2
90	90	-0.45	-2	-2.44
91	91	-0.99	-0.11	-1.1
92	92	-0.63	1.24	0.62
93	93	0.32	-2.99	-2.67
94	94	0.97	-0.25	0.72
95	95	0.73	0.94	1.67
96	96	-0.18	-5.45	-5.63
97	97	-0.93	-0.41	-1.34
98	98	-0.82	0.7	-0.12
99	99	0.04	-25.09	-25.05
100	100	0.86	-0.59	0.28
101	101	0.89	0.51	1.4
102	102	0.1	9.79	9.89
103	103	-0.78	-0.8	-1.58
104	104	-0.95	0.34	-0.61
105	105	-0.24	4.03	3.79
106	106	0.69	-1.06	-0.37
107	107	0.98	0.19	1.17
108	108	0.38	2.47	2.84
109	109	-0.58	-1.42	-1.99
110	110	-1	0.04	-0.95
111	111	-0.5	1.72	1.22
112	112	0.46	-1.95	-1.5
113	113	1	-0.1	0.9
114	114	0.62	1.27	1.89
115	115	-0.33	-2.9	-3.23
116	116	-0.97	-0.24	-1.22
117	117	-0.72	0.95	0.23
118	118	0.19	-5.19	-5
119	119	0.93	-0.4	0.53
120	120	0.81	0.71	1.53
121	121	-0.05	-20.52	-20.57
122	122	-0.87	-0.58	-1.44
123	123	-0.89	0.52	-0.37
124	124	-0.09	10.73	10.64
125	125	0.79	-0.78	0.01
126	126	0.94	0.35	1.29
127	127	0.23	4.19	4.42
128	128	-0.69	-1.04	-1.73
129	129	-0.98	0.2	-0.78
130	130	-0.37	2.53	2.17
131	131	0.58	-1.39	-0.81
132	132	1	0.05	1.05
133	133	0.49	1.76	2.25
134	134	-0.46	-1.91	-2.37
135	135	-1	-0.09	-1.08
136	136	-0.61	1.29	0.68
137	137	0.33	-2.82	-2.49
138	138	0.97	-0.23	0.74
139	139	0.72	0.97	1.69
140	140	-0.2	-4.96	-5.15
141	141	-0.93	-0.39	-1.32
142	142	-0.81	0.73	-0.08
143	143	0.06	-17.36	-17.3
144	144	0.87	-0.56	0.31
145	145	0.88	0.53	1.41
146	146	0.08	11.87	11.95
147	147	-0.79	-0.77	-1.56
148	148	-0.94	0.36	-0.58
149	149	-0.22	4.36	4.13
150	150	0.7	-1.02	-0.32
151	151	0.98	0.21	1.19
152	152	0.36	2.6	2.96
153	153	-0.59	-1.36	-1.95
154	154	-1	0.06	-0.94
155	155	-0.49	1.79	1.31
156	156	0.47	-1.87	-1.4
157	157	1	-0.08	0.92
158	158	0.61	1.31	1.92
159	159	-0.34	-2.74	-3.09
160	160	-0.98	-0.22	-1.2
161	161	-0.71	0.99	0.28
162	162	0.21	-4.74	-4.53
163	163	0.93	-0.38	0.56
164	164	0.8	0.74	1.54
165	165	-0.07	-15.04	-15.11
166	166	-0.88	-0.55	-1.43
167	167	-0.88	0.54	-0.34
168	168	-0.08	13.27	13.2
169	169	0.8	-0.75	0.04
170	170	0.94	0.37	1.31
171	171	0.22	4.54	4.76
172	172	-0.71	-1	-1.71
173	173	-0.98	0.22	-0.76
174	174	-0.35	2.67	2.32
175	175	0.6	-1.34	-0.74
176	176	1	0.07	1.07
177	177	0.48	1.83	2.31
178	178	-0.48	-1.83	-2.31
179	179	-1	-0.07	-1.07
180	180	-0.6	1.34	0.74
181	181	0.35	-2.67	-2.32
182	182	0.98	-0.22	0.76
183	183	0.71	1	1.71
184	184	-0.22	-4.54	-4.75
185	185	-0.94	-0.37	-1.31
186	186	-0.8	0.75	-0.04
187	187	0.08	-13.27	-13.19
188	188	0.88	-0.54	0.34
189	189	0.88	0.55	1.43
190	190	0.07	15.05	15.11
191	191	-0.8	-0.74	-1.54
192	192	-0.93	0.38	-0.56
193	193	-0.21	4.74	4.53
194	194	0.71	-0.99	-0.27
195	195	0.98	0.22	1.2
196	196	0.34	2.74	3.09
197	197	-0.61	-1.31	-1.92
198	198	-1	0.08	-0.92
199	199	-0.47	1.87	1.4
200	200	0.49	-1.79	-1.31
201	201	1	-0.06	0.94
202	202	0.59	1.36	1.96
203	203	-0.36	-2.6	-2.96
204	204	-0.98	-0.21	-1.19
205	205	-0.7	1.02	0.32
206	206	0.22	-4.36	-4.13
207	207	0.94	-0.36	0.58
208	208	0.79	0.77	1.56
209	209	-0.08	-11.86	-11.95
210	210	-0.88	-0.53	-1.41
211	211	-0.87	0.56	-0.31
212	212	-0.06	17.37	17.31
213	213	0.81	-0.73	0.08
214	214	0.93	0.39	1.32
215	215	0.2	4.96	5.15
216	216	-0.72	-0.97	-1.69
217	217	-0.97	0.23	-0.74
218	218	-0.33	2.82	2.49
219	219	0.61	-1.29	-0.68
220	220	1	0.09	1.08
221	221	0.46	1.91	2.37
222	222	-0.49	-1.76	-2.25
223	223	-1	-0.05	-1.05
224	224	-0.58	1.39	0.81
225	225	0.37	-2.53	-2.16
226	226	0.98	-0.2	0.78
227	227	0.69	1.04	1.73
228	228	-0.23	-4.19	-4.42
229	229	-0.94	-0.35	-1.29
230	230	-0.79	0.78	-0.01
231	231	0.09	-10.73	-10.64
232	232	0.89	-0.52	0.37
233	233	0.87	0.58	1.44
234	234	0.05	20.54	20.59
235	235	-0.81	-0.71	-1.53
236	236	-0.93	0.4	-0.53
237	237	-0.19	5.19	5
238	238	0.72	-0.95	-0.23
239	239	0.97	0.24	1.22
240	240	0.33	2.9	3.23
241	241	-0.62	-1.27	-1.89
242	242	-1	0.1	-0.9
243	243	-0.46	1.95	1.5
244	244	0.5	-1.72	-1.22
245	245	1	-0.04	0.95
246	246	0.58	1.42	1.99
247	247	-0.38	-2.47	-2.84
248	248	-0.98	-0.19	-1.17
249	249	-0.69	1.06	0.37
250	250	0.24	-4.03	-3.79
251	251	0.95	-0.34	0.61
252	252	0.78	0.8	1.58
253	253	-0.1	-9.79	-9.89
254	254	-0.89	-0.51	-1.4
255	255	-0.86	0.59	-0.28
256	256	-0.04	25.11	25.07
257	257	0.82	-0.7	0.12
258	258	0.93	0.41	1.34
259	259	0.18	5.45	5.63
260	260	-0.73	-0.94	-1.67
261	261	-0.97	0.25	-0.72
262	262	-0.32	2.99	2.67
263	263	0.63	-1.24	-0.62
264	264	0.99	0.11	1.1
265	265	0.45	2	2.44
266	266	-0.51	-1.69	-2.2
267	267	-1	-0.04	-1.03
268	268	-0.57	1.44	0.87
269	269	0.38	-2.41	-2.02
270	270	0.98	-0.18	0.81
271	271	0.68	1.08	1.76
272	272	-0.25	-3.88	-4.13
273	273	-0.95	-0.33	-1.28
274	274	-0.78	0.81	0.03
275	275	0.11	-9	-8.89
276	276	0.9	-0.5	0.4
277	277	0.86	0.6	1.46
278	278	0.03	32.3	32.33
279	279	-0.82	-0.69	-1.51
280	280	-0.92	0.42	-0.5
281	281	-0.17	5.74	5.57
282	282	0.74	-0.92	-0.18
283	283	0.97	0.26	1.23
284	284	0.31	3.08	3.39
285	285	-0.63	-1.22	-1.86
286	286	-0.99	0.12	-0.88
287	287	-0.44	2.04	1.6
288	288	0.52	-1.65	-1.13
289	289	1	-0.03	0.97
290	290	0.56	1.47	2.03
291	291	-0.39	-2.35	-2.74
292	292	-0.99	-0.17	-1.16
293	293	-0.67	1.1	0.42
294	294	0.26	-3.74	-3.48
295	295	0.95	-0.32	0.63
296	296	0.77	0.83	1.6
297	297	-0.12	-8.33	-8.45
298	298	-0.9	-0.48	-1.38
299	299	-0.85	0.61	-0.24
300	300	-0.02	45.24	45.22
301	301	0.83	-0.67	0.16
302	302	0.92	0.43	1.35
303	303	0.16	6.05	6.22
304	304	-0.74	-0.9	-1.65
305	305	-0.96	0.27	-0.69
306	306	-0.3	3.17	2.87
307	307	0.64	-1.2	-0.56
308	308	0.99	0.12	1.12
309	309	0.43	2.09	2.52
310	310	-0.53	-1.62	-2.15
311	311	-1	-0.02	-1.02
312	312	-0.56	1.5	0.94
313	313	0.4	-2.29	-1.89
314	314	0.99	-0.16	0.83
315	315	0.67	1.12	1.78
316	316	-0.27	-3.61	-3.88
317	317	-0.96	-0.31	-1.27
318	318	-0.77	0.84	0.08
319	319	0.13	-7.75	-7.62
320	320	0.9	-0.47	0.43
321	321	0.85	0.62	1.47
322	322	0.01	75.48	75.5
323	323	-0.83	-0.66	-1.5
324	324	-0.91	0.44	-0.47
325	325	-0.15	6.41	6.25
326	326	0.75	-0.89	-0.14
327	327	0.96	0.28	1.24
328	328	0.29	3.27	3.57
329	329	-0.65	-1.18	-1.83
330	330	-0.99	0.13	-0.86
331	331	-0.42	2.14	1.71
332	332	0.53	-1.59	-1.06
333	333	1	-0.01	0.99
334	334	0.55	1.53	2.08
335	335	-0.41	-2.24	-2.65
336	336	-0.99	-0.15	-1.14
337	337	-0.66	1.14	0.48
338	338	0.28	-3.49	-3.22
339	339	0.96	-0.3	0.66
340	340	0.76	0.86	1.62
341	341	-0.14	-7.24	-7.38
342	342	-0.91	-0.46	-1.37
343	343	-0.84	0.64	-0.21
344	344	0	227.5	227.5
345	345	0.84	-0.65	0.19
346	346	0.91	0.45	1.36
347	347	0.15	6.8	6.95
348	348	-0.75	-0.87	-1.63
349	349	-0.96	0.29	-0.67
350	350	-0.28	3.38	3.1
351	351	0.65	-1.16	-0.5
352	352	0.99	0.14	1.13
353	353	0.42	2.19	2.6
354	354	-0.54	-1.56	-2.1
355	355	-1	0	-1
356	356	-0.54	1.56	1.02
357	357	0.42	-2.18	-1.77
358	358	0.99	-0.14	0.85
359	359	0.65	1.16	1.81
360	360	-0.28	-3.38	-3.66
361	361	-0.96	-0.29	-1.25
362	362	-0.75	0.87	0.12
363	363	0.15	-6.8	-6.65
364	364	0.91	-0.45	0.46
365	365	0.84	0.65	1.49
366	366	0	-224.42	-224.43
367	367	-0.84	-0.64	-1.48
368	368	-0.91	0.46	-0.44
369	369	-0.14	7.25	7.11
370	370	0.76	-0.86	-0.1
371	371	0.96	0.3	1.26
372	372	0.28	3.49	3.77
373	373	-0.66	-1.14	-1.8
374	374	-0.99	0.15	-0.84
375	375	-0.41	2.24	1.83
376	376	0.55	-1.53	-0.98
377	377	1	0.01	1.01
378	378	0.53	1.59	2.12
379	379	-0.42	-2.13	-2.56
380	380	-0.99	-0.13	-1.12
381	381	-0.65	1.18	0.53
382	382	0.29	-3.27	-2.98
383	383	0.96	-0.28	0.68
384	384	0.75	0.89	1.64
385	385	-0.15	-6.4	-6.56
386	386	-0.91	-0.44	-1.36
387	387	-0.83	0.66	-0.17
388	388	0.01	-75.14	-75.13
389	389	0.85	-0.62	0.23
390	390	0.9	0.47	1.38
391	391	0.13	7.75	7.88
392	392	-0.77	-0.84	-1.61
393	393	-0.96	0.31	-0.64
394	394	-0.27	3.61	3.35
395	395	0.67	-1.12	-0.45
396	396	0.99	0.16	1.15
397	397	0.4	2.29	2.69
398	398	-0.56	-1.5	-2.05
399	399	-1	0.02	-0.98
400	400	-0.53	1.62	1.09
401	401	0.43	-2.09	-1.65
402	402	0.99	-0.12	0.87
403	403	0.64	1.2	1.84
404	404	-0.3	-3.17	-3.47
405	405	-0.96	-0.27	-1.24
406	406	-0.74	0.9	0.16
407	407	0.16	-6.05	-5.89
408	408	0.92	-0.43	0.49
409	409	0.83	0.67	1.5
410	410	-0.02	-45.12	-45.14
411	411	-0.85	-0.61	-1.46
412	412	-0.9	0.48	-0.42
413	413	-0.12	8.33	8.21
414	414	0.77	-0.83	-0.05
415	415	0.95	0.32	1.27
416	416	0.26	3.74	4
417	417	-0.67	-1.1	-1.77
418	418	-0.99	0.17	-0.82
419	419	-0.39	2.35	1.96
420	420	0.56	-1.47	-0.91
421	421	1	0.03	1.03
422	422	0.52	1.65	2.17
423	423	-0.44	-2.04	-2.48
424	424	-0.99	-0.12	-1.11
425	425	-0.63	1.22	0.59
426	426	0.31	-3.08	-2.77
427	427	0.97	-0.26	0.7
428	428	0.74	0.92	1.66
429	429	-0.17	-5.74	-5.91
430	430	-0.92	-0.42	-1.34
431	431	-0.82	0.69	-0.14
432	432	0.03	-32.24	-32.21
433	433	0.86	-0.6	0.26
434	434	0.9	0.5	1.39
435	435	0.11	9.01	9.12
436	436	-0.78	-0.81	-1.59
437	437	-0.95	0.33	-0.62
438	438	-0.25	3.88	3.63
439	439	0.68	-1.08	-0.4
440	440	0.98	0.18	1.16
441	441	0.38	2.41	2.79
442	442	-0.57	-1.44	-2.01
443	443	-1	0.04	-0.96
444	444	-0.51	1.69	1.18
445	445	0.45	-2	-1.55
446	446	0.99	-0.11	0.89
447	447	0.63	1.24	1.87
448	448	-0.32	-2.99	-3.3
449	449	-0.97	-0.25	-1.22
450	450	-0.73	0.94	0.21
451	451	0.18	-5.45	-5.27
452	452	0.93	-0.41	0.51
453	453	0.82	0.7	1.52
454	454	-0.04	-25.07	-25.11
455	455	-0.86	-0.59	-1.45
456	456	-0.89	0.51	-0.39
457	457	-0.1	9.8	9.69
458	458	0.78	-0.8	-0.01
459	459	0.95	0.34	1.29
460	460	0.24	4.03	4.27
461	461	-0.69	-1.06	-1.75
462	462	-0.98	0.19	-0.79
463	463	-0.38	2.47	2.09
464	464	0.58	-1.42	-0.84
465	465	1	0.04	1.04
466	466	0.5	1.72	2.22
467	467	-0.46	-1.95	-2.41
468	468	-1	-0.1	-1.09
469	469	-0.62	1.27	0.65
470	470	0.33	-2.9	-2.58
471	471	0.97	-0.24	0.73
472	472	0.72	0.95	1.68
473	473	-0.19	-5.19	-5.38
474	474	-0.93	-0.4	-1.33
475	475	-0.81	0.71	-0.1
476	476	0.05	-20.51	-20.46
477	477	0.87	-0.58	0.29
478	478	0.89	0.52	1.41
479	479	0.09	10.74	10.83
480	480	-0.79	-0.78	-1.57
481	481	-0.94	0.35	-0.59
482	482	-0.23	4.19	3.95
483	483	0.69	-1.04	-0.35
484	484	0.98	0.2	1.18
485	485	0.37	2.53	2.9
486	486	-0.58	-1.39	-1.97
487	487	-1	0.05	-0.95
488	488	-0.49	1.76	1.26
489	489	0.46	-1.91	-1.45
490	490	1	-0.09	0.91
491	491	0.61	1.29	1.9
492	492	-0.33	-2.82	-3.15
493	493	-0.97	-0.23	-1.21
494	494	-0.72	0.97	0.25
495	495	0.2	-4.95	-4.76
496	496	0.93	-0.39	0.54
497	497	0.81	0.73	1.54
498	498	-0.06	-17.35	-17.41
499	499	-0.87	-0.56	-1.43
500	500	-0.88	0.53	-0.35
501	501	-0.08	11.87	11.79
502	502	0.79	-0.77	0.03
503	503	0.94	0.36	1.3
504	504	0.22	4.36	4.58
505	505	-0.7	-1.02	-1.72
506	506	-0.98	0.21	-0.77
507	507	-0.36	2.6	2.24
508	508	0.59	-1.36	-0.77
509	509	1	0.06	1.06
510	510	0.49	1.79	2.28
511	511	-0.47	-1.87	-2.34
512	512	-1	-0.08	-1.08
513	513	-0.61	1.31	0.71
514	514	0.34	-2.74	-2.4
515	515	0.98	-0.22	0.75
516	516	0.71	0.99	1.7
517	517	-0.21	-4.74	-4.94
518	518	-0.93	-0.38	-1.31
519	519	-0.8	0.74	-0.06
520	520	0.07	-15.03	-14.97
521	521	0.88	-0.55	0.32
522	522	0.88	0.54	1.42
523	523	0.08	13.28	13.35
524	524	-0.8	-0.75	-1.55
525	525	-0.94	0.37	-0.57
526	526	-0.22	4.54	4.33
527	527	0.71	-1	-0.3
528	528	0.98	0.22	1.19
529	529	0.35	2.67	3.02
530	530	-0.6	-1.34	-1.94
531	531	-1	0.07	-0.93
532	532	-0.48	1.83	1.35
533	533	0.48	-1.83	-1.35
534	534	1	-0.07	0.93
535	535	0.6	1.34	1.94
536	536	-0.35	-2.67	-3.02
537	537	-0.98	-0.22	-1.19
538	538	-0.71	1	0.3
539	539	0.22	-4.54	-4.32
540	540	0.94	-0.37	0.57
541	541	0.8	0.75	1.55
542	542	-0.08	-13.26	-13.34
543	543	-0.88	-0.54	-1.42
544	544	-0.88	0.55	-0.32
545	545	-0.07	15.06	14.99
546	546	0.8	-0.74	0.06
547	547	0.93	0.38	1.31
548	548	0.21	4.74	4.95
549	549	-0.71	-0.99	-1.7
550	550	-0.98	0.22	-0.75
551	551	-0.34	2.74	2.4
552	552	0.61	-1.31	-0.71
553	553	1	0.08	1.08
554	554	0.47	1.87	2.34
555	555	-0.49	-1.79	-2.28
556	556	-1	-0.06	-1.06
557	557	-0.59	1.36	0.77
558	558	0.36	-2.6	-2.24
559	559	0.98	-0.21	0.77
560	560	0.7	1.02	1.72
561	561	-0.22	-4.35	-4.58
562	562	-0.94	-0.36	-1.3
563	563	-0.79	0.77	-0.03
564	564	0.08	-11.86	-11.78
565	565	0.88	-0.53	0.35
566	566	0.87	0.56	1.43
567	567	0.06	17.38	17.44
568	568	-0.81	-0.73	-1.54
569	569	-0.93	0.39	-0.54
570	570	-0.2	4.96	4.76
571	571	0.72	-0.97	-0.25
572	572	0.97	0.23	1.21
573	573	0.33	2.82	3.16
574	574	-0.61	-1.29	-1.9
575	575	-1	0.09	-0.91
576	576	-0.46	1.91	1.45
577	577	0.49	-1.76	-1.26
578	578	1	-0.05	0.95
579	579	0.58	1.39	1.97
580	580	-0.37	-2.53	-2.9
581	581	-0.98	-0.2	-1.18
582	582	-0.69	1.04	0.35
583	583	0.23	-4.18	-3.95
584	584	0.94	-0.35	0.59
585	585	0.79	0.78	1.57
586	586	-0.09	-10.73	-10.82
587	587	-0.89	-0.52	-1.41
588	588	-0.87	0.58	-0.29
589	589	-0.05	20.55	20.5
590	590	0.81	-0.71	0.1
591	591	0.93	0.4	1.33
592	592	0.19	5.19	5.38
593	593	-0.72	-0.95	-1.68
594	594	-0.97	0.24	-0.73
595	595	-0.33	2.9	2.58
596	596	0.62	-1.27	-0.65
597	597	1	0.1	1.09
598	598	0.46	1.95	2.41
599	599	-0.5	-1.72	-2.22
600	600	-1	-0.04	-1.04
601	601	-0.58	1.42	0.84
602	602	0.38	-2.47	-2.09
603	603	0.98	-0.19	0.79
604	604	0.69	1.06	1.75
605	605	-0.24	-4.03	-4.27
606	606	-0.95	-0.34	-1.29
607	607	-0.78	0.8	0.01
608	608	0.1	-9.79	-9.69
609	609	0.89	-0.51	0.39
610	610	0.86	0.59	1.45
611	611	0.04	25.13	25.17
612	612	-0.82	-0.7	-1.52
613	613	-0.93	0.41	-0.51
614	614	-0.18	5.45	5.27
615	615	0.73	-0.94	-0.21
616	616	0.97	0.25	1.22
617	617	0.32	2.99	3.31
618	618	-0.63	-1.24	-1.87
619	619	-0.99	0.11	-0.89
620	620	-0.45	2	1.55
621	621	0.51	-1.69	-1.18
622	622	1	-0.04	0.96
623	623	0.57	1.44	2.01
624	624	-0.38	-2.41	-2.79
625	625	-0.98	-0.18	-1.16
626	626	-0.68	1.08	0.4
627	627	0.25	-3.88	-3.63
628	628	0.95	-0.33	0.62
629	629	0.78	0.81	1.59
630	630	-0.11	-9	-9.11
631	631	-0.9	-0.5	-1.39
632	632	-0.86	0.6	-0.26
633	633	-0.03	32.33	32.3
634	634	0.82	-0.69	0.14
635	635	0.92	0.42	1.34
636	636	0.17	5.74	5.91
637	637	-0.74	-0.92	-1.66
638	638	-0.97	0.26	-0.7
639	639	-0.31	3.08	2.77
640	640	0.63	-1.22	-0.59
641	641	0.99	0.12	1.11
642	642	0.44	2.04	2.48
643	643	-0.52	-1.65	-2.17
644	644	-1	-0.03	-1.03
645	645	-0.56	1.47	0.91
646	646	0.39	-2.35	-1.96
647	647	0.99	-0.17	0.82
648	648	0.67	1.1	1.77
649	649	-0.26	-3.74	-4
650	650	-0.95	-0.32	-1.27
651	651	-0.77	0.83	0.05
652	652	0.12	-8.33	-8.21
653	653	0.9	-0.48	0.42
654	654	0.85	0.61	1.46
655	655	0.02	45.31	45.33
656	656	-0.83	-0.67	-1.5
657	657	-0.92	0.43	-0.49
658	658	-0.16	6.06	5.89
659	659	0.74	-0.9	-0.16
660	660	0.96	0.27	1.24
661	661	0.3	3.17	3.47
662	662	-0.64	-1.2	-1.84
663	663	-0.99	0.12	-0.87
664	664	-0.43	2.09	1.65
665	665	0.53	-1.62	-1.09
666	666	1	-0.02	0.98
667	667	0.56	1.5	2.05
668	668	-0.4	-2.29	-2.69
669	669	-0.99	-0.16	-1.15
670	670	-0.67	1.12	0.45
671	671	0.27	-3.61	-3.35
672	672	0.96	-0.31	0.64
673	673	0.77	0.84	1.61
674	674	-0.13	-7.75	-7.87
675	675	-0.9	-0.47	-1.38
676	676	-0.85	0.62	-0.22
677	677	-0.01	75.66	75.64
678	678	0.83	-0.66	0.17
679	679	0.91	0.44	1.36
680	680	0.15	6.41	6.56
681	681	-0.75	-0.89	-1.64
682	682	-0.96	0.28	-0.68
683	683	-0.29	3.27	2.98
684	684	0.65	-1.18	-0.53
685	685	0.99	0.13	1.12
686	686	0.42	2.14	2.56
687	687	-0.53	-1.59	-2.12
688	688	-1	-0.01	-1.01
689	689	-0.55	1.53	0.98
690	690	0.41	-2.24	-1.83
691	691	0.99	-0.15	0.84
692	692	0.66	1.14	1.8
693	693	-0.28	-3.49	-3.77
694	694	-0.96	-0.3	-1.26
695	695	-0.76	0.86	0.1
696	696	0.14	-7.24	-7.1
697	697	0.91	-0.46	0.44
698	698	0.84	0.64	1.48
699	699	0	229.07	229.08
700	700	-0.84	-0.65	-1.49
701	701	-0.91	0.45	-0.46
702	702	-0.15	6.8	6.66
703	703	0.75	-0.87	-0.12
704	704	0.96	0.29	1.25
705	705	0.28	3.38	3.66
706	706	-0.65	-1.16	-1.81
707	707	-0.99	0.14	-0.85
708	708	-0.42	2.19	1.77
709	709	0.54	-1.56	-1.02
710	710	1	0	1
711	711	0.54	1.56	2.1
712	712	-0.42	-2.18	-2.6
713	713	-0.99	-0.14	-1.13
714	714	-0.65	1.16	0.5
715	715	0.28	-3.38	-3.1
716	716	0.96	-0.29	0.67
717	717	0.75	0.87	1.63
718	718	-0.15	-6.8	-6.94
719	719	-0.91	-0.45	-1.36
720	720	-0.84	0.65	-0.19
721	721	0	-222.91	-222.91
722	722	0.84	-0.64	0.21
723	723	0.91	0.46	1.37
724	724	0.14	7.25	7.38
725	725	-0.76	-0.86	-1.62
726	726	-0.96	0.3	-0.66
727	727	-0.28	3.49	3.22
728	728	0.66	-1.14	-0.48
729	729	0.99	0.15	1.14
730	730	0.41	2.24	2.65
731	731	-0.55	-1.53	-2.08
732	732	-1	0.01	-0.99
733	733	-0.53	1.59	1.06
734	734	0.42	-2.13	-1.71
735	735	0.99	-0.13	0.86
736	736	0.65	1.18	1.83
737	737	-0.29	-3.27	-3.57
738	738	-0.96	-0.28	-1.24
739	739	-0.75	0.89	0.14
740	740	0.15	-6.4	-6.25
741	741	0.91	-0.44	0.47
742	742	0.83	0.66	1.5
743	743	-0.01	-74.97	-74.99
744	744	-0.85	-0.62	-1.47
745	745	-0.9	0.47	-0.43
746	746	-0.13	7.75	7.63
747	747	0.77	-0.84	-0.08
748	748	0.96	0.31	1.27
749	749	0.27	3.62	3.88
750	750	-0.67	-1.12	-1.78
751	751	-0.99	0.16	-0.83
752	752	-0.4	2.29	1.89
753	753	0.56	-1.5	-0.94
754	754	1	0.02	1.02
755	755	0.53	1.62	2.15
756	756	-0.43	-2.09	-2.52
757	757	-0.99	-0.12	-1.12
758	758	-0.64	1.2	0.56
759	759	0.3	-3.17	-2.87
760	760	0.96	-0.27	0.69
761	761	0.74	0.9	1.65
762	762	-0.16	-6.05	-6.21
763	763	-0.92	-0.43	-1.35
764	764	-0.83	0.67	-0.16
765	765	0.02	-45.06	-45.04
766	766	0.85	-0.61	0.24
767	767	0.9	0.48	1.38
768	768	0.12	8.34	8.45
769	769	-0.77	-0.83	-1.6
770	770	-0.95	0.32	-0.63
771	771	-0.26	3.74	3.49
772	772	0.67	-1.1	-0.42
773	773	0.99	0.17	1.16
774	774	0.39	2.35	2.74
775	775	-0.56	-1.47	-2.03
776	776	-1	0.03	-0.97
777	777	-0.52	1.65	1.13
778	778	0.44	-2.04	-1.6
779	779	0.99	-0.12	0.88
780	780	0.63	1.22	1.86
781	781	-0.31	-3.08	-3.39
782	782	-0.97	-0.26	-1.23
783	783	-0.74	0.92	0.18
784	784	0.17	-5.73	-5.56
785	785	0.92	-0.42	0.5
786	786	0.82	0.69	1.51
787	787	-0.03	-32.21	-32.24
788	788	-0.86	-0.6	-1.46
789	789	-0.9	0.5	-0.4
790	790	-0.11	9.01	8.9
791	791	0.78	-0.81	-0.03
792	792	0.95	0.33	1.28
793	793	0.25	3.88	4.13
794	794	-0.68	-1.08	-1.76
795	795	-0.98	0.18	-0.81
796	796	-0.38	2.41	2.02
797	797	0.57	-1.44	-0.87
798	798	1	0.04	1.03
799	799	0.51	1.69	2.2
800	800	-0.45	-1.99	-2.44
801	801	-0.99	-0.11	-1.1
802	802	-0.63	1.24	0.62
803	803	0.32	-2.99	-2.67
804	804	0.97	-0.25	0.72
805	805	0.73	0.94	1.67
806	806	-0.18	-5.45	-5.63
807	807	-0.93	-0.41	-1.34
808	808	-0.82	0.7	-0.12
809	809	0.04	-25.05	-25.01
810	810	0.86	-0.59	0.28
811	811	0.89	0.51	1.4
812	812	0.1	9.8	9.9
813	813	-0.78	-0.8	-1.58
814	814	-0.95	0.34	-0.61
815	815	-0.24	4.03	3.79
816	816	0.69	-1.06	-0.37
817	817	0.98	0.19	1.17
818	818	0.38	2.47	2.84
819	819	-0.58	-1.42	-1.99
820	820	-1	0.04	-0.95
821	821	-0.5	1.72	1.22
822	822	0.46	-1.95	-1.5
823	823	1	-0.1	0.9
824	824	0.62	1.27	1.89
825	825	-0.33	-2.9	-3.23
826	826	-0.97	-0.24	-1.22
827	827	-0.72	0.95	0.23
828	828	0.19	-5.19	-5
829	829	0.93	-0.4	0.53
830	830	0.81	0.71	1.53
831	831	-0.05	-20.5	-20.55
832	832	-0.87	-0.58	-1.44
833	833	-0.89	0.52	-0.37
834	834	-0.09	10.74	10.65
835	835	0.79	-0.78	0.01
836	836	0.94	0.35	1.29
837	837	0.23	4.19	4.42
838	838	-0.69	-1.04	-1.73
839	839	-0.98	0.2	-0.78
840	840	-0.37	2.53	2.17
841	841	0.58	-1.39	-0.8
842	842	1	0.05	1.05
843	843	0.49	1.76	2.25
844	844	-0.46	-1.91	-2.37
845	845	-1	-0.09	-1.08
846	846	-0.61	1.29	0.68
847	847	0.33	-2.82	-2.49
848	848	0.97	-0.23	0.74
849	849	0.72	0.97	1.69
850	850	-0.2	-4.95	-5.15
851	851	-0.93	-0.39	-1.32
852	852	-0.81	0.73	-0.08
853	853	0.06	-17.34	-17.29
854	854	0.87	-0.56	0.31
855	855	0.88	0.53	1.41
856	856	0.08	11.88	11.96
857	857	-0.79	-0.77	-1.56
858	858	-0.94	0.36	-0.58
859	859	-0.22	4.36	4.13
860	860	0.7	-1.02	-0.32
861	861	0.98	0.21	1.19
862	862	0.36	2.6	2.96
863	863	-0.59	-1.36	-1.95
864	864	-1	0.06	-0.94
865	865	-0.49	1.79	1.31
866	866	0.47	-1.87	-1.4
867	867	1	-0.08	0.92
868	868	0.61	1.31	1.92
869	869	-0.34	-2.74	-3.09
870	870	-0.98	-0.22	-1.2
871	871	-0.71	0.99	0.28
872	872	0.21	-4.74	-4.53
873	873	0.93	-0.38	0.56
874	874	0.8	0.74	1.54
875	875	-0.07	-15.03	-15.09
876	876	-0.88	-0.55	-1.43
877	877	-0.88	0.54	-0.34
878	878	-0.08	13.28	13.21
879	879	0.8	-0.75	0.04
880	880	0.94	0.37	1.31
881	881	0.22	4.54	4.76
882	882	-0.71	-1	-1.71
883	883	-0.98	0.22	-0.76
884	884	-0.35	2.67	2.32
885	885	0.6	-1.34	-0.74
886	886	1	0.07	1.07
887	887	0.48	1.83	2.31
888	888	-0.48	-1.83	-2.31
889	889	-1	-0.07	-1.07
890	890	-0.6	1.34	0.74
891	891	0.35	-2.67	-2.32
892	892	0.98	-0.22	0.76
893	893	0.71	1	1.71
894	894	-0.22	-4.54	-4.75
895	895	-0.94	-0.37	-1.31
896	896	-0.8	0.75	-0.04
897	897	0.08	-13.26	-13.18
898	898	0.88	-0.54	0.34
899	899	0.88	0.55	1.43
900	900	0.07	15.06	15.13
901	901	-0.8	-0.74	-1.54
902	902	-0.93	0.38	-0.56
903	903	-0.21	4.74	4.53
904	904	0.71	-0.99	-0.27
905	905	0.98	0.23	1.2
906	906	0.34	2.74	3.09
907	907	-0.61	-1.31	-1.92
908	908	-1	0.08	-0.92
909	909	-0.47	1.87	1.4
910	910	0.49	-1.79	-1.31
911	911	1	-0.06	0.94
912	912	0.59	1.36	1.96
913	913	-0.36	-2.6	-2.96
914	914	-0.98	-0.21	-1.19
915	915	-0.7	1.02	0.32
916	916	0.22	-4.35	-4.13
917	917	0.94	-0.36	0.58
918	918	0.79	0.77	1.56
919	919	-0.08	-11.86	-11.94
920	920	-0.88	-0.53	-1.41
921	921	-0.87	0.56	-0.31
922	922	-0.06	17.39	17.33
923	923	0.81	-0.73	0.08
924	924	0.93	0.39	1.32
925	925	0.2	4.96	5.16
926	926	-0.72	-0.97	-1.69
927	927	-0.97	0.23	-0.74
928	928	-0.33	2.82	2.49
929	929	0.61	-1.29	-0.68
930	930	1	0.09	1.08
931	931	0.46	1.91	2.37
932	932	-0.49	-1.76	-2.25
933	933	-1	-0.05	-1.05
934	934	-0.58	1.39	0.81
935	935	0.37	-2.53	-2.16
936	936	0.98	-0.2	0.78
937	937	0.69	1.04	1.73
938	938	-0.23	-4.18	-4.42
939	939	-0.94	-0.35	-1.29
940	940	-0.79	0.78	-0.01
941	941	0.09	-10.72	-10.63
942	942	0.89	-0.52	0.37
943	943	0.87	0.58	1.44
944	944	0.05	20.56	20.61
945	945	-0.81	-0.71	-1.53
946	946	-0.93	0.4	-0.53
947	947	-0.19	5.19	5.01
948	948	0.72	-0.95	-0.23
949	949	0.97	0.24	1.22
950	950	0.33	2.9	3.23
951	951	-0.62	-1.27	-1.89
952	952	-1	0.1	-0.9
953	953	-0.46	1.95	1.5
954	954	0.5	-1.72	-1.22
955	955	1	-0.04	0.95
956	956	0.58	1.42	1.99
957	957	-0.38	-2.47	-2.84
958	958	-0.98	-0.19	-1.17
959	959	-0.69	1.06	0.37
960	960	0.24	-4.03	-3.79
961	961	0.95	-0.34	0.61
962	962	0.78	0.8	1.58
963	963	-0.1	-9.78	-9.89
964	964	-0.89	-0.51	-1.4
965	965	-0.86	0.59	-0.27
966	966	-0.04	25.15	25.11
967	967	0.82	-0.7	0.12
968	968	0.93	0.41	1.34
969	969	0.18	5.45	5.63
970	970	-0.73	-0.94	-1.67
971	971	-0.97	0.25	-0.72
972	972	-0.32	2.99	2.67
973	973	0.63	-1.24	-0.62
974	974	0.99	0.11	1.1
975	975	0.45	2	2.44
976	976	-0.51	-1.69	-2.2
977	977	-1	-0.04	-1.03
978	978	-0.57	1.44	0.87
979	979	0.38	-2.41	-2.02
980	980	0.98	-0.18	0.81
981	981	0.68	1.08	1.76
982	982	-0.25	-3.88	-4.13
983	983	-0.95	-0.33	-1.28
984	984	-0.78	0.81	0.03
985	985	0.11	-9	-8.89
986	986	0.9	-0.5	0.4
987	987	0.86	0.6	1.46
988	988	0.03	32.36	32.39
989	989	-0.82	-0.69	-1.51
990	990	-0.92	0.42	-0.5
991	991	-0.17	5.74	5.57
992	992	0.74	-0.92	-0.18
993	993	0.97	0.26	1.23
994	994	0.31	3.08	3.39
995	995	-0.63	-1.22	-1.86
996	996	-0.99	0.12	-0.88
997	997	-0.44	2.04	1.6
998	998	0.52	-1.65	-1.13
999	999	1	-0.03	0.97
1000	1000	0.56	1.47	2.03
1001	1001	-0.39	-2.35	-2.74
1002	1002	-0.99	-0.17	-1.16
1003	1003	-0.67	1.1	0.42
1004	1004	0.26	-3.74	-3.48
1005	1005	0.95	-0.32	0.63
1006	1006	0.77	0.83	1.6
1007	1007	-0.12	-8.32	-8.44
1008	1008	-0.9	-0.48	-1.38
1009	1009	-0.85	0.61	-0.24
1010	1010	-0.02	45.37	45.35
1011	1011	0.83	-0.67	0.16
1012	1012	0.92	0.43	1.35
1013	1013	0.16	6.06	6.22
1014	1014	-0.74	-0.9	-1.65
1015	1015	-0.96	0.27	-0.69
1016	1016	-0.3	3.17	2.87
1017	1017	0.64	-1.2	-0.56
1018	1018	0.99	0.12	1.12
1019	1019	0.43	2.09	2.52
1020	1020	-0.53	-1.62	-2.14
1021	1021	-1	-0.02	-1.02
1022	1022	-0.56	1.5	0.94
1023	1023	0.4	-2.29	-1.89
1024	1024	0.99	-0.16	0.83
1025	1025	0.67	1.12	1.78
1026	1026	-0.27	-3.61	-3.88
1027	1027	-0.96	-0.31	-1.27
1028	1028	-0.77	0.84	0.08
1029	1029	0.13	-7.74	-7.62
1030	1030	0.9	-0.47	0.43
1031	1031	0.85	0.62	1.47
1032	1032	0.01	75.83	75.84
1033	1033	-0.83	-0.66	-1.5
1034	1034	-0.91	0.44	-0.47
1035	1035	-0.15	6.41	6.25
1036	1036	0.75	-0.89	-0.14
1037	1037	0.96	0.28	1.24
1038	1038	0.29	3.27	3.57
1039	1039	-0.65	-1.18	-1.83
1040	1040	-0.99	0.13	-0.86
1041	1041	-0.42	2.14	1.71
1042	1042	0.53	-1.59	-1.05
1043	1043	1	-0.01	0.99
1044	1044	0.55	1.53	2.08
1045	1045	-0.41	-2.24	-2.64
1046	1046	-0.99	-0.15	-1.14
1047	1047	-0.66	1.14	0.48
1048	1048	0.28	-3.49	-3.22
1049	1049	0.96	-0.3	0.66
1050	1050	0.76	0.86	1.62
1051	1051	-0.14	-7.24	-7.38
1052	1052	-0.91	-0.46	-1.37
1053	1053	-0.84	0.64	-0.21
1054	1054	0	230.66	230.66
1055	1055	0.84	-0.65	0.19
1056	1056	0.91	0.45	1.36
1057	1057	0.15	6.8	6.95
1058	1058	-0.75	-0.87	-1.63
1059	1059	-0.96	0.29	-0.67
1060	1060	-0.28	3.38	3.1
1061	1061	0.65	-1.16	-0.5
1062	1062	0.99	0.14	1.13
1063	1063	0.42	2.19	2.6
1064	1064	-0.54	-1.56	-2.1
1065	1065	-1	0	-1
1066	1066	-0.54	1.56	1.02
1067	1067	0.42	-2.18	-1.77
1068	1068	0.99	-0.14	0.85
1069	1069	0.65	1.16	1.81
1070	1070	-0.28	-3.38	-3.66
1071	1071	-0.96	-0.29	-1.25
1072	1072	-0.75	0.87	0.12
1073	1073	0.15	-6.8	-6.65
1074	1074	0.91	-0.45	0.46
1075	1075	0.84	0.65	1.49
1076	1076	0	-221.43	-221.43
1077	1077	-0.84	-0.64	-1.48
1078	1078	-0.91	0.46	-0.44
1079	1079	-0.14	7.25	7.11
1080	1080	0.76	-0.86	-0.1
1081	1081	0.96	0.3	1.26
1082	1082	0.28	3.5	3.77
1083	1083	-0.66	-1.14	-1.8
1084	1084	-0.99	0.15	-0.84
1085	1085	-0.41	2.24	1.83
1086	1086	0.55	-1.53	-0.98
1087	1087	1	0.01	1.01
1088	1088	0.53	1.59	2.12
1089	1089	-0.42	-2.13	-2.56
1090	1090	-0.99	-0.13	-1.12
1091	1091	-0.65	1.18	0.53
1092	1092	0.29	-3.27	-2.98
1093	1093	0.96	-0.28	0.68
1094	1094	0.75	0.89	1.64
1095	1095	-0.15	-6.4	-6.56
1096	1096	-0.91	-0.44	-1.36
1097	1097	-0.83	0.66	-0.17
1098	1098	0.01	-74.8	-74.79
1099	1099	0.85	-0.62	0.23
1100	1100	0.9	0.47	1.38
1101	1101	0.13	7.76	7.88
1102	1102	-0.77	-0.84	-1.61
1103	1103	-0.96	0.31	-0.64
1104	1104	-0.27	3.62	3.35
1105	1105	0.67	-1.12	-0.45
1106	1106	0.99	0.16	1.15
1107	1107	0.4	2.29	2.69
1108	1108	-0.56	-1.5	-2.05
1109	1109	-1	0.02	-0.98
1110	1110	-0.53	1.62	1.09
1111	1111	0.43	-2.09	-1.65
1112	1112	0.99	-0.12	0.87
1113	1113	0.64	1.2	1.84
1114	1114	-0.3	-3.17	-3.47
1115	1115	-0.96	-0.27	-1.24
1116	1116	-0.74	0.9	0.16
1117	1117	0.16	-6.05	-5.89
1118	1118	0.92	-0.43	0.49
1119	1119	0.83	0.67	1.5
1120	1120	-0.02	-45	-45.02
1121	1121	-0.85	-0.61	-1.46
1122	1122	-0.9	0.48	-0.42
1123	1123	-0.12	8.34	8.22
1124	1124	0.77	-0.83	-0.05
1125	1125	0.95	0.32	1.27
1126	1126	0.26	3.74	4
1127	1127	-0.67	-1.1	-1.77
1128	1128	-0.99	0.17	-0.82
1129	1129	-0.39	2.35	1.96
1130	1130	0.56	-1.47	-0.91
1131	1131	1	0.03	1.03
1132	1132	0.52	1.65	2.17
1133	1133	-0.44	-2.04	-2.48
1134	1134	-0.99	-0.12	-1.11
1135	1135	-0.63	1.22	0.59
1136	1136	0.31	-3.08	-2.77
1137	1137	0.97	-0.26	0.7
1138	1138	0.74	0.92	1.66
1139	1139	-0.17	-5.73	-5.91
1140	1140	-0.92	-0.42	-1.34
1141	1141	-0.82	0.69	-0.14
1142	1142	0.03	-32.17	-32.14
1143	1143	0.86	-0.6	0.26
1144	1144	0.9	0.5	1.39
1145	1145	0.11	9.01	9.12
1146	1146	-0.78	-0.81	-1.59
1147	1147	-0.95	0.33	-0.62
1148	1148	-0.25	3.88	3.63
1149	1149	0.68	-1.08	-0.4
1150	1150	0.98	0.18	1.16
1151	1151	0.38	2.41	2.79
1152	1152	-0.57	-1.44	-2.01
1153	1153	-1	0.04	-0.96
1154	1154	-0.51	1.69	1.18
1155	1155	0.45	-1.99	-1.55
1156	1156	0.99	-0.11	0.89
1157	1157	0.63	1.24	1.87
1158	1158	-0.32	-2.99	-3.3
1159	1159	-0.97	-0.25	-1.22
1160	1160	-0.73	0.94	0.21
1161	1161	0.18	-5.45	-5.27
1162	1162	0.93	-0.41	0.51
1163	1163	0.82	0.7	1.52
1164	1164	-0.04	-25.04	-25.08
1165	1165	-0.86	-0.59	-1.45
1166	1166	-0.89	0.51	-0.39
1167	1167	-0.1	9.8	9.7
1168	1168	0.78	-0.8	-0.01
1169	1169	0.95	0.34	1.29
1170	1170	0.24	4.03	4.27
1171	1171	-0.69	-1.06	-1.75
1172	1172	-0.98	0.19	-0.79
1173	1173	-0.38	2.47	2.09
1174	1174	0.58	-1.42	-0.84
1175	1175	1	0.04	1.04
1176	1176	0.5	1.72	2.22
1177	1177	-0.46	-1.95	-2.41
1178	1178	-1	-0.1	-1.09
1179	1179	-0.62	1.27	0.65
1180	1180	0.33	-2.9	-2.58
1181	1181	0.97	-0.24	0.73
1182	1182	0.72	0.95	1.68
1183	1183	-0.19	-5.19	-5.38
1184	1184	-0.93	-0.4	-1.33
1185	1185	-0.81	0.71	-0.1
1186	1186	0.05	-20.49	-20.44
1187	1187	0.87	-0.58	0.29
1188	1188	0.89	0.52	1.41
1189	1189	0.09	10.74	10.84
1190	1190	-0.79	-0.78	-1.57
1191	1191	-0.94	0.35	-0.59
1192	1192	-0.23	4.19	3.96
1193	1193	0.69	-1.04	-0.35
1194	1194	0.98	0.2	1.18
1195	1195	0.37	2.53	2.9
1196	1196	-0.58	-1.39	-1.97
1197	1197	-1	0.05	-0.95
1198	1198	-0.49	1.76	1.26
1199	1199	0.46	-1.91	-1.45
1200	1200	1	-0.09	0.91
1201	1201	0.61	1.29	1.9
1202	1202	-0.33	-2.82	-3.15
1203	1203	-0.97	-0.23	-1.21
1204	1204	-0.72	0.97	0.25
1205	1205	0.2	-4.95	-4.76
1206	1206	0.93	-0.39	0.54
1207	1207	0.81	0.73	1.54
1208	1208	-0.06	-17.33	-17.39
1209	1209	-0.87	-0.56	-1.43
1210	1210	-0.88	0.53	-0.35
1211	1211	-0.08	11.88	11.8
1212	1212	0.79	-0.77	0.03
1213	1213	0.94	0.36	1.3
1214	1214	0.22	4.36	4.58
1215	1215	-0.7	-1.02	-1.72
1216	1216	-0.98	0.21	-0.77
1217	1217	-0.36	2.6	2.24
1218	1218	0.59	-1.36	-0.77
1219	1219	1	0.06	1.06
1220	1220	0.49	1.79	2.28
1221	1221	-0.47	-1.87	-2.34
1222	1222	-1	-0.08	-1.08
1223	1223	-0.61	1.31	0.71
1224	1224	0.34	-2.74	-2.4
1225	1225	0.98	-0.22	0.75
1226	1226	0.71	0.99	1.7
1227	1227	-0.21	-4.74	-4.94
1228	1228	-0.93	-0.38	-1.31
1229	1229	-0.8	0.74	-0.06
1230	1230	0.07	-15.02	-14.95
1231	1231	0.88	-0.55	0.32
1232	1232	0.88	0.54	1.42
1233	1233	0.08	13.29	13.36
1234	1234	-0.8	-0.75	-1.55
1235	1235	-0.94	0.37	-0.57
1236	1236	-0.22	4.54	4.33
1237	1237	0.71	-1	-0.3
1238	1238	0.98	0.22	1.19
1239	1239	0.35	2.67	3.02
1240	1240	-0.6	-1.34	-1.94
1241	1241	-1	0.07	-0.93
1242	1242	-0.48	1.83	1.35
1243	1243	0.48	-1.83	-1.35
1244	1244	1	-0.07	0.93
1245	1245	0.6	1.34	1.94
1246	1246	-0.35	-2.67	-3.02
1247	1247	-0.98	-0.22	-1.19
1248	1248	-0.71	1	0.3
1249	1249	0.22	-4.54	-4.32
1250	1250	0.94	-0.37	0.57
1251	1251	0.8	0.75	1.55
1252	1252	-0.08	-13.25	-13.33
1253	1253	-0.88	-0.54	-1.42
1254	1254	-0.88	0.55	-0.32
1255	1255	-0.07	15.07	15
1256	1256	0.8	-0.74	0.06
1257	1257	0.93	0.38	1.31
1258	1258	0.21	4.74	4.95
1259	1259	-0.71	-0.99	-1.7
1260	1260	-0.98	0.23	-0.75
1261	1261	-0.34	2.74	2.4
1262	1262	0.61	-1.31	-0.71
1263	1263	1	0.08	1.08
1264	1264	0.47	1.87	2.34
1265	1265	-0.49	-1.79	-2.28
1266	1266	-1	-0.06	-1.06
1267	1267	-0.59	1.36	0.77
1268	1268	0.36	-2.6	-2.24
1269	1269	0.98	-0.21	0.77
1270	1270	0.7	1.02	1.72
1271	1271	-0.22	-4.35	-4.58
1272	1272	-0.94	-0.36	-1.3
1273	1273	-0.79	0.77	-0.02
1274	1274	0.08	-11.85	-11.77
1275	1275	0.88	-0.53	0.35
1276	1276	0.87	0.56	1.43
1277	1277	0.06	17.4	17.46
1278	1278	-0.81	-0.73	-1.54
1279	1279	-0.93	0.39	-0.54
1280	1280	-0.2	4.96	4.76
1281	1281	0.72	-0.97	-0.25
1282	1282	0.97	0.23	1.21
1283	1283	0.33	2.82	3.16
1284	1284	-0.61	-1.29	-1.9
1285	1285	-1	0.09	-0.91
1286	1286	-0.46	1.91	1.45
1287	1287	0.49	-1.76	-1.26
1288	1288	1	-0.05	0.95
1289	1289	0.58	1.39	1.97
1290	1290	-0.37	-2.53	-2.9
1291	1291	-0.98	-0.2	-1.18
1292	1292	-0.69	1.04	0.35
1293	1293	0.23	-4.18	-3.95
1294	1294	0.94	-0.35	0.59
1295	1295	0.79	0.78	1.57
1296	1296	-0.09	-10.72	-10.81
1297	1297	-0.89	-0.52	-1.41
1298	1298	-0.87	0.58	-0.29
1299	1299	-0.05	20.58	20.53
1300	1300	0.81	-0.71	0.1
1301	1301	0.93	0.4	1.33
1302	1302	0.19	5.2	5.38
1303	1303	-0.72	-0.95	-1.68
1304	1304	-0.97	0.24	-0.73
1305	1305	-0.33	2.9	2.58
1306	1306	0.62	-1.27	-0.65
1307	1307	1	0.1	1.09
1308	1308	0.46	1.95	2.41
1309	1309	-0.5	-1.72	-2.22
1310	1310	-1	-0.04	-1.04
1311	1311	-0.58	1.42	0.84
1312	1312	0.38	-2.47	-2.09
1313	1313	0.98	-0.19	0.79
1314	1314	0.69	1.06	1.75
1315	1315	-0.24	-4.03	-4.27
1316	1316	-0.95	-0.34	-1.29
1317	1317	-0.78	0.8	0.01
1318	1318	0.1	-9.78	-9.68
1319	1319	0.89	-0.51	0.39
1320	1320	0.86	0.59	1.45
1321	1321	0.04	25.17	25.21
1322	1322	-0.82	-0.7	-1.52
1323	1323	-0.93	0.41	-0.51
1324	1324	-0.18	5.46	5.27
1325	1325	0.73	-0.94	-0.21
1326	1326	0.97	0.25	1.22
1327	1327	0.32	2.99	3.31
1328	1328	-0.63	-1.24	-1.87
1329	1329	-0.99	0.11	-0.89
1330	1330	-0.45	2	1.55
1331	1331	0.51	-1.69	-1.18
1332	1332	1	-0.04	0.96
1333	1333	0.57	1.44	2.01
1334	1334	-0.38	-2.41	-2.79
1335	1335	-0.98	-0.18	-1.16
1336	1336	-0.68	1.08	0.4
1337	1337	0.25	-3.88	-3.63
1338	1338	0.95	-0.33	0.62
1339	1339	0.78	0.81	1.59
1340	1340	-0.11	-8.99	-9.1
1341	1341	-0.9	-0.5	-1.39
1342	1342	-0.86	0.6	-0.26
1343	1343	-0.03	32.39	32.36
1344	1344	0.82	-0.69	0.14
1345	1345	0.92	0.42	1.34
1346	1346	0.17	5.74	5.91
1347	1347	-0.74	-0.92	-1.66
1348	1348	-0.97	0.26	-0.7
1349	1349	-0.31	3.08	2.77
1350	1350	0.63	-1.22	-0.59
1351	1351	0.99	0.12	1.11
1352	1352	0.44	2.04	2.48
1353	1353	-0.52	-1.65	-2.17
1354	1354	-1	-0.03	-1.03
1355	1355	-0.56	1.47	0.91
1356	1356	0.39	-2.35	-1.96
1357	1357	0.99	-0.17	0.82
1358	1358	0.67	1.1	1.77
1359	1359	-0.26	-3.74	-4
1360	1360	-0.95	-0.32	-1.27
1361	1361	-0.77	0.83	0.05
1362	1362	0.12	-8.32	-8.2
1363	1363	0.9	-0.48	0.42
1364	1364	0.85	0.61	1.46
1365	1365	0.02	45.43	45.45
1366	1366	-0.83	-0.67	-1.5
1367	1367	-0.92	0.43	-0.49
1368	1368	-0.16	6.06	5.89
1369	1369	0.74	-0.9	-0.16
1370	1370	0.96	0.27	1.24
1371	1371	0.3	3.17	3.47
1372	1372	-0.64	-1.2	-1.84
1373	1373	-0.99	0.12	-0.87
1374	1374	-0.43	2.09	1.66
1375	1375	0.53	-1.62	-1.09
1376	1376	1	-0.02	0.98
1377	1377	0.56	1.5	2.05
1378	1378	-0.4	-2.29	-2.69
1379	1379	-0.99	-0.16	-1.15
1380	1380	-0.67	1.12	0.45
1381	1381	0.27	-3.61	-3.35
1382	1382	0.96	-0.31	0.64
1383	1383	0.77	0.84	1.61
1384	1384	-0.13	-7.74	-7.87
1385	1385	-0.9	-0.47	-1.38
1386	1386	-0.85	0.62	-0.22
1387	1387	-0.01	76	75.99
1388	1388	0.83	-0.66	0.17
1389	1389	0.91	0.44	1.36
1390	1390	0.15	6.41	6.56
1391	1391	-0.75	-0.89	-1.64
1392	1392	-0.96	0.28	-0.68
1393	1393	-0.29	3.28	2.98
1394	1394	0.65	-1.18	-0.53
1395	1395	0.99	0.13	1.12
1396	1396	0.42	2.14	2.56
1397	1397	-0.53	-1.59	-2.12
1398	1398	-1	-0.01	-1.01
1399	1399	-0.55	1.53	0.98
1400	1400	0.41	-2.24	-1.83
1401	1401	0.99	-0.15	0.84
1402	1402	0.66	1.14	1.8
1403	1403	-0.28	-3.49	-3.77
1404	1404	-0.96	-0.3	-1.26
1405	1405	-0.76	0.86	0.1
1406	1406	0.14	-7.24	-7.1
1407	1407	0.91	-0.46	0.44
1408	1408	0.84	0.64	1.48
1409	1409	0	232.28	232.28
1410	1410	-0.84	-0.65	-1.49
1411	1411	-0.91	0.45	-0.46
1412	1412	-0.15	6.81	6.66
1413	1413	0.75	-0.87	-0.12
1414	1414	0.96	0.29	1.25
1415	1415	0.28	3.38	3.67
1416	1416	-0.65	-1.16	-1.81
1417	1417	-0.99	0.14	-0.85
1418	1418	-0.42	2.19	1.77
1419	1419	0.54	-1.56	-1.02
1420	1420	1	0	1
1421	1421	0.54	1.56	2.1
1422	1422	-0.42	-2.18	-2.6
1423	1423	-0.99	-0.14	-1.13
1424	1424	-0.65	1.16	0.5
1425	1425	0.28	-3.38	-3.1
1426	1426	0.96	-0.29	0.67
1427	1427	0.75	0.87	1.63
1428	1428	-0.15	-6.79	-6.94
1429	1429	-0.91	-0.45	-1.36
1430	1430	-0.84	0.65	-0.19
1431	1431	0	-219.96	-219.95
1432	1432	0.84	-0.64	0.21
1433	1433	0.91	0.46	1.37
1434	1434	0.14	7.25	7.39
1435	1435	-0.76	-0.86	-1.62
1436	1436	-0.96	0.3	-0.66
1437	1437	-0.28	3.5	3.22
1438	1438	0.66	-1.14	-0.48
1439	1439	0.99	0.15	1.14
1440	1440	0.41	2.24	2.65
1441	1441	-0.55	-1.53	-2.07
1442	1442	-1	0.01	-0.99
1443	1443	-0.53	1.59	1.06
1444	1444	0.42	-2.13	-1.71
1445	1445	0.99	-0.13	0.86
1446	1446	0.65	1.18	1.83
1447	1447	-0.29	-3.27	-3.56
1448	1448	-0.96	-0.28	-1.24
1449	1449	-0.75	0.89	0.14
1450	1450	0.15	-6.4	-6.25
1451	1451	0.91	-0.44	0.47
1452	1452	0.83	0.66	1.5
1453	1453	-0.01	-74.64	-74.65
1454	1454	-0.85	-0.62	-1.47
1455	1455	-0.9	0.47	-0.43
1456	1456	-0.13	7.76	7.63
1457	1457	0.77	-0.84	-0.08
1458	1458	0.96	0.31	1.27
1459	1459	0.27	3.62	3.88
1460	1460	-0.67	-1.12	-1.78
1461	1461	-0.99	0.16	-0.83
1462	1462	-0.4	2.29	1.89
1463	1463	0.56	-1.5	-0.94
1464	1464	1	0.02	1.02
1465	1465	0.53	1.62	2.15
1466	1466	-0.43	-2.09	-2.52
1467	1467	-0.99	-0.12	-1.12
1468	1468	-0.64	1.2	0.56
1469	1469	0.3	-3.17	-2.87
1470	1470	0.96	-0.27	0.69
1471	1471	0.74	0.9	1.65
1472	1472	-0.16	-6.05	-6.21
1473	1473	-0.92	-0.43	-1.35
1474	1474	-0.83	0.67	-0.16
1475	1475	0.02	-44.94	-44.92
1476	1476	0.85	-0.61	0.24
1477	1477	0.9	0.48	1.38
1478	1478	0.12	8.34	8.46
1479	1479	-0.77	-0.83	-1.6
1480	1480	-0.95	0.32	-0.63
1481	1481	-0.26	3.74	3.49
1482	1482	0.67	-1.1	-0.42
1483	1483	0.99	0.17	1.16
1484	1484	0.39	2.35	2.74
1485	1485	-0.56	-1.47	-2.03
1486	1486	-1	0.03	-0.97
1487	1487	-0.52	1.65	1.14
1488	1488	0.44	-2.04	-1.6
1489	1489	0.99	-0.12	0.88
1490	1490	0.63	1.22	1.86
1491	1491	-0.31	-3.08	-3.39
1492	1492	-0.97	-0.26	-1.23
1493	1493	-0.74	0.92	0.18
1494	1494	0.17	-5.73	-5.56
1495	1495	0.92	-0.42	0.5
1496	1496	0.82	0.69	1.51
1497	1497	-0.03	-32.14	-32.17
1498	1498	-0.86	-0.6	-1.46
1499	1499	-0.9	0.5	-0.4
1500	1500	-0.11	9.01	8.9
1501	1501	0.78	-0.81	-0.03
1502	1502	0.95	0.33	1.28
1503	1503	0.25	3.88	4.13
1504	1504	-0.68	-1.08	-1.76
1505	1505	-0.98	0.18	-0.81
1506	1506	-0.38	2.41	2.02
1507	1507	0.57	-1.44	-0.87
1508	1508	1	0.04	1.03
1509	1509	0.51	1.69	2.2
1510	1510	-0.45	-1.99	-2.44
1511	1511	-0.99	-0.11	-1.1
1512	1512	-0.63	1.24	0.62
1513	1513	0.32	-2.99	-2.67
1514	1514	0.97	-0.25	0.72
1515	1515	0.73	0.94	1.67
1516	1516	-0.18	-5.45	-5.63
1517	1517	-0.93	-0.41	-1.34
1518	1518	-0.82	0.7	-0.12
1519	1519	0.04	-25.02	-24.98
1520	1520	0.86	-0.59	0.28
1521	1521	0.89	0.51	1.4
1522	1522	0.1	9.8	9.91
1523	1523	-0.78	-0.8	-1.58
1524	1524	-0.95	0.34	-0.61
1525	1525	-0.24	4.03	3.79
1526	1526	0.69	-1.06	-0.37
1527	1527	0.98	0.19	1.17
1528	1528	0.38	2.47	2.84
1529	1529	-0.58	-1.42	-1.99
1530	1530	-1	0.04	-0.95
1531	1531	-0.5	1.72	1.22
1532	1532	0.46	-1.95	-1.5
1533	1533	1	-0.1	0.9
1534	1534	0.62	1.27	1.89
1535	1535	-0.33	-2.9	-3.23
1536	1536	-0.97	-0.24	-1.22
1537	1537	-0.72	0.95	0.23
1538	1538	0.19	-5.19	-5
1539	1539	0.93	-0.4	0.53
1540	1540	0.81	0.71	1.53
1541	1541	-0.05	-20.47	-20.52
1542	1542	-0.87	-0.58	-1.44
1543	1543	-0.89	0.52	-0.37
1544	1544	-0.09	10.75	10.65
1545	1545	0.79	-0.78	0.01
1546	1546	0.94	0.35	1.29
1547	1547	0.23	4.19	4.42
1548	1548	-0.69	-1.04	-1.73
1549	1549	-0.98	0.2	-0.78
1550	1550	-0.37	2.53	2.17
1551	1551	0.58	-1.39	-0.8
1552	1552	1	0.05	1.05
1553	1553	0.49	1.76	2.25
1554	1554	-0.46	-1.91	-2.37
1555	1555	-1	-0.09	-1.08
1556	1556	-0.61	1.29	0.68
1557	1557	0.33	-2.82	-2.49
1558	1558	0.97	-0.23	0.74
1559	1559	0.72	0.97	1.69
1560	1560	-0.2	-4.95	-5.15
1561	1561	-0.93	-0.39	-1.32
1562	1562	-0.81	0.73	-0.08
1563	1563	0.06	-17.33	-17.27
1564	1564	0.87	-0.56	0.31
1565	1565	0.88	0.53	1.41
1566	1566	0.08	11.89	11.97
1567	1567	-0.79	-0.77	-1.56
1568	1568	-0.94	0.36	-0.58
1569	1569	-0.22	4.36	4.13
1570	1570	0.7	-1.02	-0.32
1571	1571	0.98	0.21	1.19
1572	1572	0.36	2.6	2.96
1573	1573	-0.59	-1.36	-1.95
1574	1574	-1	0.06	-0.94
1575	1575	-0.49	1.79	1.31
1576	1576	0.47	-1.87	-1.4
1577	1577	1	-0.08	0.92
1578	1578	0.61	1.31	1.92
1579	1579	-0.34	-2.74	-3.08
1580	1580	-0.98	-0.22	-1.2
1581	1581	-0.71	0.99	0.28
1582	1582	0.21	-4.74	-4.53
1583	1583	0.93	-0.38	0.56
1584	1584	0.8	0.74	1.54
1585	1585	-0.07	-15.01	-15.08
1586	1586	-0.88	-0.55	-1.43
1587	1587	-0.88	0.54	-0.34
1588	1588	-0.08	13.29	13.22
1589	1589	0.8	-0.75	0.04
1590	1590	0.94	0.37	1.31
1591	1591	0.21	4.54	4.76
1592	1592	-0.71	-1	-1.71
1593	1593	-0.98	0.22	-0.76
1594	1594	-0.35	2.67	2.32
1595	1595	0.6	-1.34	-0.74
1596	1596	1	0.07	1.07
1597	1597	0.48	1.83	2.31
1598	1598	-0.48	-1.83	-2.31
1599	1599	-1	-0.07	-1.07
1600	1600	-0.6	1.34	0.74
1601	1601	0.35	-2.67	-2.32
1602	1602	0.98	-0.22	0.76
1603	1603	0.71	1	1.71
1604	1604	-0.22	-4.54	-4.75
1605	1605	-0.94	-0.37	-1.31
1606	1606	-0.8	0.75	-0.04
1607	1607	0.08	-13.24	-13.17
1608	1608	0.88	-0.54	0.34
1609	1609	0.88	0.55	1.43
1610	1610	0.07	15.08	15.14
1611	1611	-0.8	-0.74	-1.54
1612	1612	-0.93	0.38	-0.56
1613	1613	-0.21	4.74	4.54
1614	1614	0.71	-0.99	-0.27
1615	1615	0.98	0.23	1.2
1616	1616	0.34	2.74	3.09
1617	1617	-0.61	-1.31	-1.92
1618	1618	-1	0.08	-0.92
1619	1619	-0.47	1.87	1.4
1620	1620	0.49	-1.79	-1.3
1621	1621	1	-0.06	0.94
1622	1622	0.59	1.36	1.96
1623	1623	-0.36	-2.6	-2.96
1624	1624	-0.98	-0.21	-1.19
1625	1625	-0.7	1.02	0.32
1626	1626	0.22	-4.35	-4.13
1627	1627	0.94	-0.36	0.58
1628	1628	0.79	0.77	1.56
1629	1629	-0.08	-11.85	-11.93
1630	1630	-0.88	-0.53	-1.41
1631	1631	-0.87	0.56	-0.31
1632	1632	-0.06	17.41	17.35
1633	1633	0.81	-0.73	0.08
1634	1634	0.93	0.39	1.32
1635	1635	0.2	4.96	5.16
1636	1636	-0.72	-0.97	-1.69
1637	1637	-0.97	0.23	-0.74
1638	1638	-0.33	2.82	2.49
1639	1639	0.61	-1.29	-0.68
1640	1640	1	0.09	1.08
1641	1641	0.46	1.91	2.37
1642	1642	-0.5	-1.76	-2.25
1643	1643	-1	-0.05	-1.05
1644	1644	-0.58	1.39	0.81
1645	1645	0.37	-2.53	-2.16
1646	1646	0.98	-0.2	0.78
1647	1647	0.69	1.04	1.73
1648	1648	-0.23	-4.18	-4.42
1649	1649	-0.94	-0.35	-1.29
1650	1650	-0.79	0.78	-0.01
1651	1651	0.09	-10.71	-10.62
1652	1652	0.89	-0.52	0.37
1653	1653	0.87	0.58	1.44
1654	1654	0.05	20.59	20.64
1655	1655	-0.81	-0.71	-1.53
1656	1656	-0.93	0.4	-0.53
1657	1657	-0.19	5.2	5.01
1658	1658	0.72	-0.95	-0.23
1659	1659	0.97	0.24	1.22
1660	1660	0.33	2.9	3.23
1661	1661	-0.62	-1.27	-1.89
1662	1662	-1	0.1	-0.9
1663	1663	-0.46	1.95	1.5
1664	1664	0.5	-1.72	-1.22
1665	1665	1	-0.04	0.95
1666	1666	0.58	1.42	1.99
1667	1667	-0.38	-2.47	-2.84
1668	1668	-0.98	-0.19	-1.17
1669	1669	-0.69	1.06	0.37
1670	1670	0.24	-4.03	-3.78
1671	1671	0.95	-0.34	0.61
1672	1672	0.78	0.8	1.58
1673	1673	-0.1	-9.78	-9.88
1674	1674	-0.89	-0.51	-1.4
1675	1675	-0.86	0.59	-0.27
1676	1676	-0.04	25.19	25.15
1677	1677	0.82	-0.7	0.12
1678	1678	0.93	0.41	1.34
1679	1679	0.18	5.46	5.64
1680	1680	-0.73	-0.94	-1.67
1681	1681	-0.97	0.25	-0.72
1682	1682	-0.32	2.99	2.67
1683	1683	0.63	-1.24	-0.62
1684	1684	0.99	0.11	1.1
1685	1685	0.45	2	2.44
1686	1686	-0.51	-1.69	-2.2
1687	1687	-1	-0.04	-1.03
1688	1688	-0.57	1.44	0.87
1689	1689	0.38	-2.41	-2.02
1690	1690	0.98	-0.18	0.81
1691	1691	0.68	1.08	1.76
1692	1692	-0.25	-3.88	-4.13
1693	1693	-0.95	-0.33	-1.28
1694	1694	-0.78	0.81	0.03
1695	1695	0.11	-8.99	-8.88
1696	1696	0.9	-0.5	0.4
1697	1697	0.86	0.6	1.46
1698	1698	0.03	32.43	32.46
1699	1699	-0.82	-0.69	-1.51
1700	1700	-0.92	0.42	-0.5
1701	1701	-0.17	5.74	5.57
1702	1702	0.74	-0.92	-0.18
1703	1703	0.97	0.26	1.23
1704	1704	0.31	3.08	3.39
1705	1705	-0.63	-1.22	-1.86
1706	1706	-0.99	0.12	-0.88
1707	1707	-0.44	2.04	1.6
1708	1708	0.52	-1.65	-1.13
1709	1709	1	-0.03	0.97
1710	1710	0.56	1.47	2.03
1711	1711	-0.39	-2.35	-2.74
1712	1712	-0.99	-0.17	-1.16
1713	1713	-0.67	1.1	0.42
1714	1714	0.26	-3.74	-3.48
1715	1715	0.95	-0.32	0.63
1716	1716	0.77	0.83	1.6
1717	1717	-0.12	-8.32	-8.44
1718	1718	-0.9	-0.48	-1.38
1719	1719	-0.85	0.61	-0.24
1720	1720	-0.02	45.49	45.47
1721	1721	0.83	-0.67	0.16
1722	1722	0.92	0.43	1.35
1723	1723	0.16	6.06	6.22
1724	1724	-0.74	-0.9	-1.65
1725	1725	-0.96	0.27	-0.69
1726	1726	-0.3	3.17	2.87
1727	1727	0.64	-1.2	-0.56
1728	1728	0.99	0.12	1.12
1729	1729	0.43	2.09	2.52
1730	1730	-0.53	-1.62	-2.14
1731	1731	-1	-0.02	-1.02
1732	1732	-0.55	1.5	0.94
1733	1733	0.4	-2.29	-1.89
1734	1734	0.99	-0.16	0.83
1735	1735	0.67	1.12	1.78
1736	1736	-0.27	-3.61	-3.88
1737	1737	-0.96	-0.31	-1.27
1738	1738	-0.77	0.84	0.08
1739	1739	0.13	-7.74	-7.61
1740	1740	0.9	-0.47	0.43
1741	1741	0.85	0.62	1.47
1742	1742	0.01	76.18	76.19
1743	1743	-0.83	-0.66	-1.5
1744	1744	-0.91	0.44	-0.47
1745	1745	-0.15	6.41	6.26
1746	1746	0.75	-0.89	-0.14
1747	1747	0.96	0.28	1.24
1748	1748	0.29	3.28	3.57
1749	1749	-0.65	-1.18	-1.83
1750	1750	-0.99	0.13	-0.86
1751	1751	-0.42	2.14	1.71
1752	1752	0.53	-1.59	-1.05
1753	1753	1	-0.01	0.99
1754	1754	0.55	1.53	2.08
1755	1755	-0.41	-2.24	-2.64
1756	1756	-0.99	-0.15	-1.14
1757	1757	-0.66	1.14	0.48
1758	1758	0.28	-3.49	-3.22
1759	1759	0.96	-0.3	0.66
1760	1760	0.76	0.86	1.62
1761	1761	-0.14	-7.24	-7.37
1762	1762	-0.91	-0.46	-1.37
1763	1763	-0.84	0.64	-0.21
1764	1764	0	233.92	233.91
1765	1765	0.84	-0.65	0.19
1766	1766	0.91	0.45	1.36
1767	1767	0.15	6.81	6.95
1768	1768	-0.75	-0.87	-1.63
1769	1769	-0.96	0.29	-0.67
1770	1770	-0.28	3.38	3.1
1771	1771	0.65	-1.16	-0.5
1772	1772	0.99	0.14	1.13
1773	1773	0.42	2.19	2.6
1774	1774	-0.54	-1.56	-2.1
1775	1775	-1	0	-1
1776	1776	-0.54	1.56	1.02
1777	1777	0.42	-2.18	-1.77
1778	1778	0.99	-0.14	0.85
1779	1779	0.65	1.16	1.81
1780	1780	-0.28	-3.38	-3.66
1781	1781	-0.96	-0.29	-1.25
1782	1782	-0.75	0.87	0.12
1783	1783	0.15	-6.79	-6.65
1784	1784	0.91	-0.45	0.46
1785	1785	0.84	0.65	1.49
1786	1786	0	-218.51	-218.51
1787	1787	-0.84	-0.64	-1.48
1788	1788	-0.91	0.46	-0.44
1789	1789	-0.14	7.25	7.12
1790	1790	0.76	-0.86	-0.1
1791	1791	0.96	0.3	1.26
1792	1792	0.28	3.5	3.77
1793	1793	-0.66	-1.14	-1.8
1794	1794	-0.99	0.15	-0.84
1795	1795	-0.41	2.24	1.83
1796	1796	0.55	-1.53	-0.98
1797	1797	1	0.01	1.01
1798	1798	0.53	1.59	2.12
1799	1799	-0.42	-2.13	-2.56
1800	1800	-0.99	-0.13	-1.12
1801	1801	-0.65	1.18	0.53
1802	1802	0.29	-3.27	-2.98
1803	1803	0.96	-0.28	0.68
1804	1804	0.75	0.89	1.64
1805	1805	-0.15	-6.4	-6.55
1806	1806	-0.91	-0.44	-1.36
1807	1807	-0.83	0.66	-0.17
1808	1808	0.01	-74.47	-74.45
1809	1809	0.85	-0.62	0.23
1810	1810	0.9	0.47	1.38
1811	1811	0.13	7.76	7.89
1812	1812	-0.77	-0.84	-1.61
1813	1813	-0.96	0.31	-0.64
1814	1814	-0.27	3.62	3.35
1815	1815	0.67	-1.12	-0.45
1816	1816	0.99	0.16	1.15
1817	1817	0.4	2.29	2.69
1818	1818	-0.56	-1.5	-2.05
1819	1819	-1	0.02	-0.98
1820	1820	-0.53	1.62	1.1
1821	1821	0.43	-2.09	-1.65
1822	1822	0.99	-0.12	0.87
1823	1823	0.64	1.2	1.84
1824	1824	-0.3	-3.17	-3.47
1825	1825	-0.97	-0.27	-1.24
1826	1826	-0.74	0.9	0.16
1827	1827	0.16	-6.05	-5.88
1828	1828	0.92	-0.43	0.49
1829	1829	0.83	0.67	1.5
1830	1830	-0.02	-44.88	-44.9
1831	1831	-0.85	-0.61	-1.46
1832	1832	-0.9	0.48	-0.41
1833	1833	-0.12	8.34	8.22
1834	1834	0.77	-0.83	-0.05
1835	1835	0.95	0.32	1.27
1836	1836	0.26	3.75	4
1837	1837	-0.67	-1.1	-1.77
1838	1838	-0.99	0.17	-0.82
1839	1839	-0.39	2.35	1.96
1840	1840	0.56	-1.47	-0.91
1841	1841	1	0.03	1.03
1842	1842	0.52	1.65	2.17
1843	1843	-0.44	-2.04	-2.48
1844	1844	-0.99	-0.12	-1.11
1845	1845	-0.63	1.22	0.59
1846	1846	0.31	-3.08	-2.77
1847	1847	0.97	-0.26	0.71
1848	1848	0.74	0.92	1.66
1849	1849	-0.17	-5.73	-5.9
1850	1850	-0.92	-0.42	-1.34
1851	1851	-0.82	0.69	-0.14
1852	1852	0.03	-32.11	-32.08
1853	1853	0.86	-0.6	0.26
1854	1854	0.9	0.5	1.39
1855	1855	0.11	9.02	9.13
1856	1856	-0.78	-0.81	-1.59
1857	1857	-0.95	0.33	-0.62
1858	1858	-0.25	3.88	3.63
1859	1859	0.68	-1.08	-0.4
1860	1860	0.98	0.18	1.16
1861	1861	0.38	2.41	2.79
1862	1862	-0.57	-1.44	-2.01
1863	1863	-1	0.04	-0.96
1864	1864	-0.51	1.69	1.18
1865	1865	0.45	-1.99	-1.55
1866	1866	0.99	-0.11	0.89
1867	1867	0.63	1.24	1.87
1868	1868	-0.32	-2.99	-3.3
1869	1869	-0.97	-0.25	-1.22
1870	1870	-0.73	0.94	0.21
1871	1871	0.18	-5.45	-5.27
1872	1872	0.93	-0.41	0.52
1873	1873	0.82	0.7	1.52
1874	1874	-0.04	-25	-25.04
1875	1875	-0.86	-0.59	-1.45
1876	1876	-0.89	0.51	-0.38
1877	1877	-0.1	9.81	9.71
1878	1878	0.78	-0.8	-0.01
1879	1879	0.95	0.34	1.29
1880	1880	0.24	4.03	4.27
1881	1881	-0.69	-1.06	-1.75
1882	1882	-0.98	0.19	-0.79
1883	1883	-0.38	2.47	2.09
1884	1884	0.58	-1.42	-0.84
1885	1885	1	0.04	1.04
1886	1886	0.5	1.72	2.22
1887	1887	-0.46	-1.95	-2.41
1888	1888	-1	-0.1	-1.09
1889	1889	-0.62	1.27	0.65
1890	1890	0.33	-2.9	-2.57
1891	1891	0.97	-0.24	0.73
1892	1892	0.72	0.95	1.68
1893	1893	-0.19	-5.19	-5.38
1894	1894	-0.93	-0.4	-1.33
1895	1895	-0.81	0.71	-0.1
1896	1896	0.05	-20.46	-20.41
1897	1897	0.87	-0.58	0.29
1898	1898	0.89	0.52	1.41
1899	1899	0.09	10.75	10.84
1900	1900	-0.79	-0.78	-1.57
1901	1901	-0.94	0.35	-0.59
1902	1902	-0.23	4.19	3.96
1903	1903	0.69	-1.04	-0.35
1904	1904	0.98	0.2	1.18
1905	1905	0.37	2.53	2.9
1906	1906	-0.58	-1.39	-1.97
1907	1907	-1	0.05	-0.95
1908	1908	-0.49	1.76	1.26
1909	1909	0.46	-1.91	-1.45
1910	1910	1	-0.09	0.91
1911	1911	0.61	1.29	1.9
1912	1912	-0.33	-2.82	-3.15
1913	1913	-0.97	-0.23	-1.21
1914	1914	-0.72	0.97	0.25
1915	1915	0.2	-4.95	-4.75
1916	1916	0.93	-0.39	0.54
1917	1917	0.81	0.73	1.54
1918	1918	-0.06	-17.32	-17.37
1919	1919	-0.87	-0.56	-1.43
1920	1920	-0.88	0.53	-0.35
1921	1921	-0.08	11.89	11.81
1922	1922	0.79	-0.77	0.03
1923	1923	0.94	0.36	1.3
1924	1924	0.22	4.36	4.58
1925	1925	-0.7	-1.02	-1.72
1926	1926	-0.98	0.21	-0.77
1927	1927	-0.36	2.6	2.24
1928	1928	0.59	-1.36	-0.77
1929	1929	1	0.06	1.06
1930	1930	0.49	1.79	2.28
1931	1931	-0.47	-1.87	-2.34
1932	1932	-1	-0.08	-1.08
1933	1933	-0.61	1.31	0.71
1934	1934	0.34	-2.74	-2.4
1935	1935	0.98	-0.22	0.75
1936	1936	0.71	0.99	1.7
1937	1937	-0.21	-4.74	-4.94
1938	1938	-0.93	-0.38	-1.31
1939	1939	-0.8	0.74	-0.06
1940	1940	0.07	-15.01	-14.94
1941	1941	0.88	-0.55	0.32
1942	1942	0.88	0.54	1.42
1943	1943	0.07	13.3	13.37
1944	1944	-0.8	-0.75	-1.55
1945	1945	-0.94	0.37	-0.57
1946	1946	-0.21	4.54	4.33
1947	1947	0.71	-1	-0.3
1948	1948	0.98	0.22	1.19
1949	1949	0.35	2.67	3.02
1950	1950	-0.6	-1.34	-1.94
1951	1951	-1	0.07	-0.93
1952	1952	-0.48	1.83	1.35
1953	1953	0.48	-1.83	-1.35
1954	1954	1	-0.07	0.93
1955	1955	0.6	1.34	1.94
1956	1956	-0.35	-2.67	-3.02
1957	1957	-0.98	-0.22	-1.19
1958	1958	-0.71	1	0.3
1959	1959	0.22	-4.54	-4.32
1960	1960	0.94	-0.37	0.57
1961	1961	0.8	0.75	1.55
1962	1962	-0.08	-13.24	-13.31
1963	1963	-0.88	-0.54	-1.42
1964	1964	-0.88	0.55	-0.32
1965	1965	-0.07	15.08	15.02
1966	1966	0.8	-0.74	0.06
1967	1967	0.93	0.38	1.31
1968	1968	0.21	4.74	4.95
1969	1969	-0.71	-0.99	-1.7
1970	1970	-0.98	0.23	-0.75
1971	1971	-0.34	2.74	2.4
1972	1972	0.61	-1.31	-0.71
1973	1973	1	0.08	1.08
1974	1974	0.47	1.87	2.34
1975	1975	-0.49	-1.79	-2.28
1976	1976	-1	-0.06	-1.06
1977	1977	-0.59	1.36	0.77
1978	1978	0.36	-2.6	-2.24
1979	1979	0.98	-0.21	0.77
1980	1980	0.7	1.02	1.72
1981	1981	-0.22	-4.35	-4.58
1982	1982	-0.94	-0.36	-1.3
1983	1983	-0.79	0.77	-0.02
1984	1984	0.08	-11.84	-11.76
1985	1985	0.88	-0.53	0.35
1986	1986	0.87	0.56	1.43
1987	1987	0.06	17.42	17.47
1988	1988	-0.81	-0.73	-1.54
1989	1989	-0.93	0.39	-0.54
1990	1990	-0.2	4.96	4.76
1991	1991	0.72	-0.97	-0.25
1992	1992	0.97	0.23	1.21
1993	1993	0.33	2.82	3.16
1994	1994	-0.61	-1.29	-1.9
1995	1995	-1	0.09	-0.91
1996	1996	-0.46	1.91	1.45
1997	1997	0.5	-1.76	-1.26
1998	1998	1	-0.05	0.95
1999	1999	0.58	1.39	1.97
2000	2000	-0.37	-2.53	-2.9
